321 46.1
322 47.0
323 47.9
324 48.8
325 49.7
326 50.6
327 51.5
328 52.3
329 53.1
330 54.0
331 54.8
332 55.6
333 56.3
334 57.1
335 57.8
336 58.6
337 59.3
338 60.0
339 60.7
340 61.4
341 62.0
342 62.7
343 63.3
344 63.9
345 64.6
346 65.2
347 65.8
348 66.3
349 66.9
350 67.4
351 68.0
352 68.5
353 69.0
354 69.5
355 70.0
356 70.5
357 71.0
358 71.5
359 71.9
360 72.4
361 72.8
362 73.2
363 73.6
364 74.0
365 74.4
366 74.8
367 75.2
368 75.6
369 75.9
370 76.3
371 76.6
372 76.9
373 77.3
374 77.6
375 77.9
376 78.2
377 78.5
378 78.8
379 79.0
380 79.3
381 79.6
382 79.8
383 80.1
384 80.3
385 80.6
386 80.8
387 81.0
388 81.2
389 81.4
390 81.7
391 81.9
392 82.0
393 82.2
394 82.4
395 82.6
396 82.8
397 83.0
398 83.1
399 83.3
400 83.4
401 83.6
402 83.7
403 83.9
404 84.0
405 84.2
406 84.3
407 84.4
408 84.6
409 84.7
410 84.8
411 84.9
412 85.1
413 85.2
414 85.3
415 85.4
416 85.5
417 85.6
418 85.7
419 85.9
420 86.0
421 86.1
422 86.2
423 86.3
424 86.4
425 86.5
426 86.6
427 86.7
428 86.8
429 86.9
430 87.0
431 87.1
432 87.2
433 87.3
434 87.4
435 87.5
436 87.6
437 87.7
438 87.7
439 87.8
440 87.9
441 88.0
442 88.1
443 88.2
444 88.3
445 88.4
446 88.5
447 88.5
448 88.6
449 88.7
450 88.8
451 88.9
452 89.0
453 89.0
454 89.1
455 89.2
456 89.3
457 89.3
458 89.4
459 89.5
460 89.6
461 89.7
462 89.7
463 89.8
464 89.9
465 89.9
466 90.0
467 90.1
468 90.2
469 90.2
470 90.3
471 90.4
472 90.4
473 90.5
474 90.6
475 90.6
476 90.7
477 90.8
478 90.8
479 90.9
480 91.0
481 91.0
482 91.1
483 91.2
484 91.2
485 91.3
486 91.4
487 91.4
488 91.5
489 91.5
490 91.6
491 91.7
492 91.7
493 91.8
494 91.8
495 91.9
496 91.9
497 92.0
498 92.1
499 92.1
500 92.2
501 92.2
502 92.3
503 92.3
504 92.4
505 92.4
506 92.5
507 92.6
508 92.6
509 92.7
510 92.7
511 92.8
512 92.8
513 92.9
514 92.9
515 93.0
516 93.0
517 93.1
518 93.1
519 93.2
520 93.2
521 93.3
522 93.3
523 93.4
524 93.4
525 93.5
526 93.5
527 93.6
528 93.6
529 93.7
530 93.7
531 93.8
532 93.8
533 93.9
534 93.9
535 94.0
536 94.0
537 94.1
538 94.1
539 94.2
540 94.2
541 94.3
542 94.3
543 94.3
544 94.4
545 94.4
546 94.5
547 94.5
548 94.6
549 94.6
550 94.7
551 94.7
552 94.7
553 94.8
554 94.8
555 94.9
556 94.9
557 95.0
558 95.0
559 95.0
560 95.1
561 95.1
562 95.2
563 95.2
564 95.3
565 95.3
566 95.3
567 95.4
568 95.4
569 95.5
570 95.5
571 95.5
572 95.6
573 95.6
574 95.6
575 95.7
576 95.7
577 95.8
578 95.8
579 95.8
580 95.9
581 95.9
582 95.9
583 96.0
584 96.0
585 96.0
586 96.1
587 96.1
588 96.1
589 96.2
590 96.2
591 96.2
592 96.3
593 96.3
594 96.3
595 96.4
596 96.4
597 96.4
598 96.5
599 96.5
600 96.5
601 96.5
602 96.6
603 96.6
604 96.6
605 96.7
606 96.7
607 96.7
608 96.7
609 96.8
610 96.8
611 96.8
612 96.8
613 96.9
614 96.9
615 96.9
616 96.9
617 97.0
618 97.0
619 97.0
620 97.0
621 97.1
622 97.1
623 97.1
624 97.1
625 97.2
626 97.2
627 97.2
628 97.2
629 97.2
630 97.2
631 97.3
632 97.3
633 97.3
634 97.3
635 97.3
636 97.4
637 97.4
638 97.4
639 97.4
640 97.4
641 97.4
642 97.4
643 97.5
644 97.5
645 97.5
646 97.5
647 97.5
648 97.5
649 97.5
650 97.5
651 97.6
652 97.6
653 97.6
654 97.6
655 97.6
656 97.6
657 97.6
658 97.6
659 97.6
660 97.6
661 97.6
662 97.6
663 97.7
664 97.7
665 97.7
666 97.7
667 97.7
668 97.7
669 97.7
670 97.7
671 97.7
672 97.7
673 97.7
674 97.7
675 97.7
676 97.7
677 97.7
678 97.7
679 97.7
680 97.7
681 97.7
682 97.7
683 97.7
684 97.7
685 97.7
686 97.7
687 97.6
688 97.6
689 97.6
690 97.6
691 97.6
692 97.6
693 97.6
694 97.6
695 97.6
696 97.6
697 97.6
698 97.6
699 97.5
700 97.5
701 97.5
702 97.5
703 97.5
704 97.5
705 97.5
706 97.4
707 97.4
708 97.4
709 97.4
710 97.4
711 97.4
712 97.3
713 97.3
714 97.3
715 97.3
716 97.3
717 97.2
718 97.2
719 97.2
720 97.2
721 97.2
722 97.1
723 97.1
724 97.1
725 97.1
726 97.0
727 97.0
728 97.0
729 97.0
730 96.9
731 96.9
732 96.9
733 96.9
734 96.8
735 96.8
736 96.8
737 96.7
738 96.7
739 96.7
740 96.7
741 96.6
742 96.6
743 96.6
744 96.5
745 96.5
746 96.5
747 96.4
748 96.4
749 96.4
750 96.3
751 96.3
752 96.3
753 96.2
754 96.2
755 96.2
756 96.1
757 96.1
758 96.1
759 96.0
760 96.0
761 96.0
762 95.9
763 95.9
764 95.9
765 95.8
766 95.8
767 95.8
768 95.7
769 95.7
770 95.6
771 95.6
772 95.6
773 95.5
774 95.5
775 95.5
776 95.4
777 95.4
778 95.4
779 95.3
780 95.3
781 95.2
782 95.2
783 95.2
784 95.1
785 95.1
786 95.1
787 95.0
788 95.0
789 94.9
790 94.9
791 94.9
792 94.8
793 94.8
794 94.8
795 94.7
796 94.7
797 94.6
798 94.6
799 94.6
800 94.5
801 94.5
802 94.5
803 94.4
804 94.4
805 94.3
806 94.3
807 94.3
808 94.2
809 94.2
810 94.2
811 94.1
812 94.1
813 94.1
814 94.0
815 94.0
816 93.9
817 93.9
818 93.9
819 93.8
820 93.8
821 93.8
822 93.7
823 93.7
824 93.6
825 93.6
826 93.5
827 93.5
828 93.5
829 93.4
830 93.4
831 93.3
832 93.3
833 93.2
834 93.2
835 93.1
836 93.1
837 93.0
838 92.9
839 92.9
840 92.8
841 92.7
842 92.7
843 92.6
844 92.5
845 92.5
846 92.4
847 92.3
848 92.2
849 92.1
850 92.1
851 92.0
852 91.9
853 91.8
854 91.7
855 91.6
856 91.5
857 91.4
858 91.3
859 91.2
860 91.0
861 90.9
862 90.8
863 90.7
864 90.5
865 90.4
866 90.3
867 90.1
868 90.0
869 89.8
870 89.7
871 89.5
872 89.3
873 89.2
874 89.0
875 88.8
876 88.6
877 88.5
878 88.3
879 88.1
880 87.9
881 87.7
882 87.5
883 87.3
884 87.0
885 86.8
886 86.6
887 86.3
888 86.1
889 85.9
890 85.6
891 85.4
892 85.1
893 84.8
894 84.5
895 84.3
896 84.0
897 83.7
898 83.4
899 83.1
900 82.8
901 82.5
902 82.1
903 81.8
904 81.5
905 81.1
906 80.8
907 80.4
908 80.1
909 79.7
910 79.3
911 78.9
912 78.5
913 78.1
914 77.7
915 77.3
916 76.9
917 76.5
918 76.1
919 75.6
920 75.2
921 74.7
922 74.3
923 73.8
924 73.4
925 72.9
926 72.4
927 71.9
928 71.4
929 71.0
930 70.5
931 70.0
932 69.5
933 68.9
934 68.4
935 67.9
936 67.4
937 66.9
938 66.3
939 65.8
940 65.3
941 64.7
942 64.2
943 63.6
944 63.1
945 62.5
946 62.0
947 61.4
948 60.8
949 60.3
950 59.7
951 59.1
952 58.5
953 58.0
954 57.4
955 56.8
956 56.2
957 55.6
958 55.1
959 54.5
960 53.9
961 53.3
962 52.7
963 52.1
964 51.5
965 50.9
966 50.3
967 49.7
968 49.1
969 48.5
970 47.9
971 47.3
972 46.7
973 46.1
974 45.5
975 44.9
976 44.3
977 43.7
978 43.1
979 42.5
980 41.9
981 41.3
982 40.7
983 40.1
984 39.5
985 39.0
986 38.4
987 37.8
988 37.2
989 36.6
990 36.0
991 35.4
992 34.9
993 34.3
994 33.7
995 33.1
996 32.6
997 32.0
998 31.4
999 30.9
1000 30.3
1001 29.8
1002 29.2
1003 28.7
1004 28.1
1005 27.6
1006 27.0
1007 26.5
1008 26.0
1009 25.4
1010 24.9
1011 24.4
1012 23.9
1013 23.4
1014 22.9
1015 22.4
1016 21.9
1017 21.4
1018 20.9
1019 20.4
1020 19.9
1021 19.5
1022 19.0
1023 18.5
1024 18.1
1025 17.6
1026 17.2
1027 16.8
1028 16.3
1029 15.9
1030 15.5
1031 15.1
1032 14.7
1033 14.3
1034 13.9
1035 13.5
1036 13.1
1037 12.8
1038 12.4
1039 12.0
1040 11.7
1041 11.4
1042 11.0
1043 10.7
1044 10.4
1045 10.1
1046 9.8
1047 9.5
1048 9.2
1049 8.9
1050 8.7
1051 8.4
1052 8.1
1053 7.9
1054 7.7
1055 7.5
1056 7.2
1057 7.0
1058 6.8
1059 6.7
1060 6.5
1061 6.3
1062 6.2
1063 6.0
1064 5.9
1065 5.8
1066 5.6
1067 5.5
1068 5.4
1069 5.4
1070 5.3
1071 5.2
1072 5.2
1073 5.1
1074 5.1
