321 46.0
322 46.1
323 46.2
324 46.4
325 46.6
326 46.9
327 47.1
328 47.4
329 47.7
330 48.1
331 48.5
332 48.8
333 49.2
334 49.7
335 50.1
336 50.6
337 51.1
338 51.6
339 52.1
340 52.6
341 53.1
342 53.7
343 54.3
344 54.8
345 55.4
346 56.0
347 56.6
348 57.2
349 57.9
350 58.5
351 59.1
352 59.7
353 60.4
354 61.0
355 61.7
356 62.3
357 62.9
358 63.6
359 64.2
360 64.8
361 65.5
362 66.1
363 66.7
364 67.3
365 67.9
366 68.5
367 69.1
368 69.6
369 70.2
370 70.7
371 71.3
372 71.8
373 72.3
374 72.8
375 73.3
376 73.7
377 74.2
378 74.6
379 75.1
380 75.5
381 75.9
382 76.3
383 76.7
384 77.0
385 77.4
386 77.7
387 78.1
388 78.4
389 78.7
390 79.0
391 79.3
392 79.6
393 79.9
394 80.2
395 80.4
396 80.7
397 81.0
398 81.2
399 81.4
400 81.6
401 81.9
402 82.1
403 82.3
404 82.5
405 82.6
406 82.8
407 83.0
408 83.2
409 83.3
410 83.5
411 83.6
412 83.8
413 83.9
414 84.0
415 84.2
416 84.3
417 84.4
418 84.5
419 84.6
420 84.7
421 84.8
422 84.9
423 85.0
424 85.1
425 85.2
426 85.3
427 85.4
428 85.5
429 85.5
430 85.6
431 85.7
432 85.7
433 85.8
434 85.9
435 85.9
436 86.0
437 86.0
438 86.1
439 86.1
440 86.1
441 86.2
442 86.2
443 86.2
444 86.3
445 86.3
446 86.3
447 86.3
448 86.4
449 86.4
450 86.4
451 86.4
452 86.4
453 86.4
454 86.4
455 86.4
456 86.4
457 86.4
458 86.4
459 86.4
460 86.4
461 86.4
462 86.4
463 86.4
464 86.4
465 86.4
466 86.4
467 86.4
468 86.3
469 86.3
470 86.3
471 86.3
472 86.3
473 86.2
474 86.2
475 86.2
476 86.2
477 86.1
478 86.1
479 86.1
480 86.1
481 86.0
482 86.0
483 86.0
484 85.9
485 85.9
486 85.9
487 85.8
488 85.8
489 85.8
490 85.7
491 85.7
492 85.7
493 85.6
494 85.6
495 85.6
496 85.5
497 85.5
498 85.5
499 85.4
500 85.4
501 85.4
502 85.3
503 85.3
504 85.3
505 85.2
506 85.2
507 85.2
508 85.2
509 85.1
510 85.1
511 85.1
512 85.1
513 85.0
514 85.0
515 85.0
516 85.0
517 85.0
518 84.9
519 84.9
520 84.9
521 84.9
522 84.9
523 84.9
524 84.9
525 84.8
526 84.8
527 84.8
528 84.8
529 84.8
530 84.8
531 84.8
532 84.8
533 84.8
534 84.8
535 84.8
536 84.8
537 84.8
538 84.9
539 84.9
540 84.9
541 84.9
542 84.9
543 84.9
544 84.9
545 84.9
546 85.0
547 85.0
548 85.0
549 85.0
550 85.0
551 85.1
552 85.1
553 85.1
554 85.1
555 85.2
556 85.2
557 85.2
558 85.3
559 85.3
560 85.3
561 85.3
562 85.4
563 85.4
564 85.4
565 85.5
566 85.5
567 85.6
568 85.6
569 85.6
570 85.7
571 85.7
572 85.8
573 85.8
574 85.8
575 85.9
576 85.9
577 86.0
578 86.0
579 86.1
580 86.1
581 86.2
582 86.2
583 86.3
584 86.3
585 86.4
586 86.4
587 86.5
588 86.5
589 86.6
590 86.6
591 86.7
592 86.7
593 86.8
594 86.8
595 86.9
596 86.9
597 87.0
598 87.1
599 87.1
600 87.2
601 87.2
602 87.3
603 87.4
604 87.4
605 87.5
606 87.5
607 87.6
608 87.7
609 87.7
610 87.8
611 87.8
612 87.9
613 88.0
614 88.0
615 88.1
616 88.1
617 88.2
618 88.3
619 88.3
620 88.4
621 88.5
622 88.5
623 88.6
624 88.7
625 88.7
626 88.8
627 88.9
628 88.9
629 89.0
630 89.0
631 89.1
632 89.2
633 89.2
634 89.3
635 89.4
636 89.4
637 89.5
638 89.6
639 89.6
640 89.7
641 89.8
642 89.8
643 89.9
644 89.9
645 90.0
646 90.1
647 90.1
648 90.2
649 90.3
650 90.3
651 90.4
652 90.5
653 90.5
654 90.6
655 90.6
656 90.7
657 90.8
658 90.8
659 90.9
660 90.9
661 91.0
662 91.1
663 91.1
664 91.2
665 91.2
666 91.3
667 91.4
668 91.4
669 91.5
670 91.5
671 91.6
672 91.6
673 91.7
674 91.7
675 91.8
676 91.9
677 91.9
678 92.0
679 92.0
680 92.1
681 92.1
682 92.2
683 92.2
684 92.3
685 92.3
686 92.4
687 92.4
688 92.4
689 92.5
690 92.5
691 92.6
692 92.6
693 92.7
694 92.7
695 92.7
696 92.8
697 92.8
698 92.9
699 92.9
700 92.9
701 93.0
702 93.0
703 93.0
704 93.1
705 93.1
706 93.1
707 93.2
708 93.2
709 93.2
710 93.3
711 93.3
712 93.3
713 93.3
714 93.4
715 93.4
716 93.4
717 93.4
718 93.4
719 93.5
720 93.5
721 93.5
722 93.5
723 93.5
724 93.6
725 93.6
726 93.6
727 93.6
728 93.6
729 93.6
730 93.6
731 93.6
732 93.6
733 93.7
734 93.7
735 93.7
736 93.7
737 93.7
738 93.7
739 93.7
740 93.7
741 93.7
742 93.7
743 93.7
744 93.7
745 93.7
746 93.7
747 93.7
748 93.7
749 93.7
750 93.7
751 93.7
752 93.7
753 93.7
754 93.7
755 93.7
756 93.7
757 93.7
758 93.7
759 93.7
760 93.7
761 93.7
762 93.7
763 93.7
764 93.7
765 93.7
766 93.7
767 93.6
768 93.6
769 93.6
770 93.6
771 93.6
772 93.6
773 93.6
774 93.6
775 93.6
776 93.6
777 93.6
778 93.6
779 93.5
780 93.5
781 93.5
782 93.5
783 93.5
784 93.5
785 93.5
786 93.5
787 93.5
788 93.5
789 93.5
790 93.5
791 93.4
792 93.4
793 93.4
794 93.4
795 93.4
796 93.4
797 93.4
798 93.4
799 93.4
800 93.4
801 93.4
802 93.4
803 93.3
804 93.3
805 93.3
806 93.3
807 93.3
808 93.3
809 93.3
810 93.3
811 93.3
812 93.3
813 93.3
814 93.3
815 93.3
816 93.3
817 93.3
818 93.3
819 93.3
820 93.3
821 93.3
822 93.2
823 93.2
824 93.2
825 93.2
826 93.2
827 93.2
828 93.2
829 93.2
830 93.2
831 93.1
832 93.1
833 93.1
834 93.1
835 93.1
836 93.1
837 93.0
838 93.0
839 93.0
840 92.9
841 92.9
842 92.9
843 92.8
844 92.8
845 92.8
846 92.7
847 92.7
848 92.6
849 92.6
850 92.5
851 92.5
852 92.4
853 92.3
854 92.3
855 92.2
856 92.1
857 92.1
858 92.0
859 91.9
860 91.8
861 91.7
862 91.6
863 91.5
864 91.4
865 91.3
866 91.2
867 91.1
868 91.0
869 90.9
870 90.7
871 90.6
872 90.5
873 90.3
874 90.2
875 90.0
876 89.9
877 89.7
878 89.6
879 89.4
880 89.2
881 89.1
882 88.9
883 88.7
884 88.5
885 88.3
886 88.1
887 87.9
888 87.7
889 87.4
890 87.2
891 87.0
892 86.7
893 86.5
894 86.2
895 86.0
896 85.7
897 85.4
898 85.1
899 84.9
900 84.6
901 84.3
902 84.0
903 83.7
904 83.3
905 83.0
906 82.7
907 82.3
908 82.0
909 81.6
910 81.3
911 80.9
912 80.5
913 80.1
914 79.7
915 79.3
916 78.9
917 78.5
918 78.1
919 77.7
920 77.2
921 76.8
922 76.3
923 75.9
924 75.4
925 75.0
926 74.5
927 74.0
928 73.5
929 73.1
930 72.6
931 72.1
932 71.6
933 71.1
934 70.5
935 70.0
936 69.5
937 69.0
938 68.4
939 67.9
940 67.4
941 66.8
942 66.3
943 65.7
944 65.2
945 64.6
946 64.0
947 63.5
948 62.9
949 62.3
950 61.8
951 61.2
952 60.6
953 60.0
954 59.4
955 58.8
956 58.3
957 57.7
958 57.1
959 56.5
960 55.9
961 55.3
962 54.7
963 54.1
964 53.5
965 52.9
966 52.2
967 51.6
968 51.0
969 50.4
970 49.8
971 49.2
972 48.6
973 48.0
974 47.4
975 46.7
976 46.1
977 45.5
978 44.9
979 44.3
980 43.7
981 43.1
982 42.5
983 41.9
984 41.2
985 40.6
986 40.0
987 39.4
988 38.8
989 38.2
990 37.6
991 37.0
992 36.4
993 35.8
994 35.2
995 34.6
996 34.1
997 33.5
998 32.9
999 32.3
1000 31.7
1001 31.2
1002 30.6
1003 30.0
1004 29.4
1005 28.9
1006 28.3
1007 27.8
1008 27.2
1009 26.7
1010 26.1
1011 25.6
1012 25.1
1013 24.5
1014 24.0
1015 23.5
1016 23.0
1017 22.5
1018 21.9
1019 21.4
1020 20.9
1021 20.5
1022 20.0
1023 19.5
1024 19.0
1025 18.5
1026 18.1
1027 17.6
1028 17.2
1029 16.7
1030 16.3
1031 15.9
1032 15.4
1033 15.0
1034 14.6
1035 14.2
1036 13.8
1037 13.4
1038 13.0
1039 12.6
1040 12.3
1041 11.9
1042 11.5
1043 11.2
1044 10.9
1045 10.5
1046 10.2
1047 9.9
1048 9.6
1049 9.3
1050 9.0
1051 8.7
1052 8.5
1053 8.2
1054 7.9
1055 7.7
1056 7.5
1057 7.2
1058 7.0
1059 6.8
1060 6.6
1061 6.4
1062 6.3
1063 6.1
1064 5.9
1065 5.8
1066 5.7
1067 5.5
1068 5.4
1069 5.3
1070 5.2
1071 5.1
1072 5.1
1073 5.0
1074 5.0
